0.000000 0.000000 0.000000
0.390625 6759.889369 -0.010945
0.781250 6757.816516 -0.027076
1.171875 6754.595645 -0.041063
1.562500 6750.373113 -0.054184
1.953125 6745.189381 -0.066861
2.343750 6739.063005 -0.079275
2.734375 6732.006676 -0.091513
3.125000 6724.031572 -0.103623
3.515625 6715.148811 -0.115633
3.906250 6705.370011 -0.127558
4.296875 6694.707511 -0.139409
4.687500 6683.174461 -0.151192
5.078125 6670.784844 -0.162910
5.468750 6657.553466 -0.174564
5.859375 6643.495934 -0.186156
6.250000 6628.628618 -0.197686
6.640625 6612.968606 -0.209153
7.031250 6596.533665 -0.220555
7.421875 6579.342183 -0.231893
7.812500 6561.413126 -0.243164
8.203125 6542.765979 -0.254367
8.593750 6523.420701 -0.265501
8.984375 6503.397665 -0.276564
9.375000 6482.717609 -0.287555
9.765625 6461.401583 -0.298472
10.156250 6439.470899 -0.309313
10.546875 6416.947075 -0.320077
10.937500 6393.851792 -0.330763
11.328125 6370.206841 -0.341369
11.718750 6346.034079 -0.351894
12.109375 6321.355380 -0.362337
12.500000 6296.192598 -0.372696
12.890625 6270.567517 -0.382971
13.281250 6244.501819 -0.393161
13.671875 6218.017042 -0.403264
14.062500 6191.134546 -0.413280
14.453125 6163.875478 -0.423208
14.843750 6136.260744 -0.433047
15.234375 6108.310976 -0.442797
15.625000 6080.046507 -0.452456
16.015625 6051.487348 -0.462025
16.406250 6022.653161 -0.471504
16.796875 5993.563242 -0.480891
17.187500 5964.236503 -0.490186
17.578125 5934.691452 -0.499390
17.968750 5904.946180 -0.508502
18.359375 5875.018350 -0.517522
18.750000 5844.925184 -0.526450
19.140625 5814.683455 -0.535286
19.531250 5784.309480 -0.544030
19.921875 5753.819111 -0.552682
20.312500 5723.227736 -0.561242
20.703125 5692.550270 -0.569712
21.093750 5661.801158 -0.578090
21.484375 5630.994373 -0.586377
21.875000 5600.143417 -0.594573
22.265625 5569.261320 -0.602680
22.656250 5538.360648 -0.610697
23.046875 5507.453505 -0.618625
23.437500 5476.551533 -0.626464
23.828125 5445.665924 -0.634215
24.218750 5414.807424 -0.641879
24.609375 5383.986338 -0.649456
25.000000 5353.212538 -0.656946
25.390625 5322.495472 -0.664351
25.781250 5291.844171 -0.671671
26.171875 5261.267258 -0.678906
26.562500 5230.772959 -0.686058
26.953125 5200.369108 -0.693127
27.343750 5170.063160 -0.700114
27.734375 5139.862200 -0.707019
28.125000 5109.772952 -0.713844
28.515625 5079.801788 -0.720589
28.906250 5049.954741 -0.727255
29.296875 5020.237514 -0.733843
29.687500 4990.655487 -0.740353
30.078125 4961.213732 -0.746787
30.468750 4931.917018 -0.753145
30.859375 4902.769826 -0.759428
31.250000 4873.776353 -0.765636
31.640625 4844.940528 -0.771772
32.031250 4816.266017 -0.777835
32.421875 4787.756233 -0.783827
32.812500 4759.414347 -0.789747
33.203125 4731.243298 -0.795598
33.593750 4703.245798 -0.801380
33.984375 4675.424343 -0.807093
34.375000 4647.781223 -0.812739
34.765625 4620.318529 -0.818319
35.156250 4593.038158 -0.823833
35.546875 4565.941829 -0.829282
35.937500 4539.031081 -0.834666
36.328125 4512.307288 -0.839988
36.718750 4485.771665 -0.845247
37.109375 4459.425269 -0.850444
37.500000 4433.269016 -0.855580
37.890625 4407.303678 -0.860657
38.281250 4381.529897 -0.865674
38.671875 4355.948186 -0.870632
39.062500 4330.558938 -0.875533
39.453125 4305.362431 -0.880377
39.843750 4280.358833 -0.885165
40.234375 4255.548208 -0.889898
40.625000 4230.930523 -0.894575
41.015625 4206.505648 -0.899199
41.406250 4182.273368 -0.903770
41.796875 4158.233381 -0.908288
42.187500 4134.385308 -0.912754
42.578125 4110.728692 -0.917170
42.968750 4087.263006 -0.921535
43.359375 4063.987658 -0.925850
43.750000 4040.901989 -0.930117
44.140625 4018.005284 -0.934335
44.531250 3995.296770 -0.938505
44.921875 3972.775622 -0.942629
45.312500 3950.440966 -0.946706
45.703125 3928.291881 -0.950738
46.093750 3906.327404 -0.954724
46.484375 3884.546529 -0.958666
46.875000 3862.948216 -0.962565
47.265625 3841.531388 -0.966420
47.656250 3820.294934 -0.970232
48.046875 3799.237716 -0.974003
48.437500 3778.358566 -0.977732
48.828125 3757.656291 -0.981421
49.218750 3737.129674 -0.985069
49.609375 3716.777476 -0.988677
50.000000 3696.598440 -0.992247
50.390625 3676.591288 -0.995777
50.781250 3656.754728 -0.999270
51.171875 3637.087453 -1.002725
51.562500 3617.588142 -1.006143
51.953125 3598.255463 -1.009525
52.343750 3579.088074 -1.012870
52.734375 3560.084624 -1.016180
53.125000 3541.243752 -1.019456
53.515625 3522.564094 -1.022696
53.906250 3504.044278 -1.025903
54.296875 3485.682930 -1.029076
54.687500 3467.478671 -1.032215
55.078125 3449.430120 -1.035323
55.468750 3431.535895 -1.038398
55.859375 3413.794613 -1.041441
56.250000 3396.204891 -1.044453
56.640625 3378.765349 -1.047434
57.031250 3361.474606 -1.050384
57.421875 3344.331285 -1.053304
57.812500 3327.334013 -1.056195
58.203125 3310.481418 -1.059057
58.593750 3293.772135 -1.061889
58.984375 3277.204801 -1.064693
59.375000 3260.778062 -1.067469
59.765625 3244.490566 -1.070218
60.156250 3228.340970 -1.072939
60.546875 3212.327937 -1.075633
60.937500 3196.450135 -1.078300
61.328125 3180.706242 -1.080941
61.718750 3165.094942 -1.083556
62.109375 3149.614928 -1.086146
62.500000 3134.264901 -1.088710
62.890625 3119.043571 -1.091250
63.281250 3103.949655 -1.093765
63.671875 3088.981882 -1.096255
64.062500 3074.138988 -1.098722
64.453125 3059.419719 -1.101165
64.843750 3044.822831 -1.103585
65.234375 3030.347088 -1.105982
65.625000 3015.991268 -1.108356
66.015625 3001.754154 -1.110708
66.406250 2987.634544 -1.113038
66.796875 2973.631241 -1.115346
67.187500 2959.743064 -1.117632
67.578125 2945.968838 -1.119897
67.968750 2932.307401 -1.122141
68.359375 2918.757601 -1.124364
68.750000 2905.318295 -1.126567
69.140625 2891.988353 -1.128750
69.531250 2878.766655 -1.130912
69.921875 2865.652090 -1.133055
70.312500 2852.643561 -1.135179
70.703125 2839.739979 -1.137283
71.093750 2826.940266 -1.139368
71.484375 2814.243355 -1.141435
71.875000 2801.648192 -1.143483
72.265625 2789.153730 -1.145513
72.656250 2776.758934 -1.147525
73.046875 2764.462781 -1.149519
73.437500 2752.264258 -1.151495
73.828125 2740.162361 -1.153455
74.218750 2728.156097 -1.155396
74.609375 2716.244486 -1.157321
75.000000 2704.426556 -1.159230
75.390625 2692.701344 -1.161121
75.781250 2681.067902 -1.162997
76.171875 2669.525287 -1.164856
76.562500 2658.072571 -1.166699
76.953125 2646.708831 -1.168527
77.343750 2635.433159 -1.170338
77.734375 2624.244654 -1.172135
78.125000 2613.142425 -1.173916
78.515625 2602.125593 -1.175683
78.906250 2591.193286 -1.177434
79.296875 2580.344643 -1.179171
79.687500 2569.578813 -1.180893
80.078125 2558.894954 -1.182601
80.468750 2548.292234 -1.184295
80.859375 2537.769829 -1.185975
81.250000 2527.326925 -1.187641
81.640625 2516.962718 -1.189294
82.031250 2506.676412 -1.190933
82.421875 2496.467221 -1.192558
82.812500 2486.334366 -1.194170
83.203125 2476.277080 -1.195770
83.593750 2466.294602 -1.197356
83.984375 2456.386181 -1.198930
84.375000 2446.551074 -1.200491
84.765625 2436.788547 -1.202040
85.156250 2427.097874 -1.203576
85.546875 2417.478338 -1.205100
85.937500 2407.929228 -1.206612
86.328125 2398.449845 -1.208112
86.718750 2389.039495 -1.209601
87.109375 2379.697492 -1.211078
87.500000 2370.423160 -1.212543
87.890625 2361.215830 -1.213997
88.281250 2352.074839 -1.215440
88.671875 2342.999533 -1.216871
89.062500 2333.989266 -1.218292
89.453125 2325.043400 -1.219701
89.843750 2316.161301 -1.221100
90.234375 2307.342346 -1.222488
90.625000 2298.585918 -1.223866
91.015625 2289.891406 -1.225233
91.406250 2281.258207 -1.226590
91.796875 2272.685726 -1.227937
92.187500 2264.173373 -1.229274
92.578125 2255.720565 -1.230600
92.968750 2247.326727 -1.231917
93.359375 2238.991291 -1.233224
93.750000 2230.713692 -1.234521
94.140625 2222.493376 -1.235809
94.531250 2214.329793 -1.237088
94.921875 2206.222399 -1.238357
95.312500 2198.170657 -1.239616
95.703125 2190.174036 -1.240867
96.093750 2182.232012 -1.242109
96.484375 2174.344066 -1.243341
96.875000 2166.509685 -1.244565
97.265625 2158.728362 -1.245780
97.656250 2150.999595 -1.246986
98.046875 2143.322890 -1.248183
98.437500 2135.697757 -1.249372
98.828125 2128.123711 -1.250553
99.218750 2120.600274 -1.251725
